10022
11067
16902
16907
17095
17414
17475
18046
18537
21189
21289
21331
22827
25522
26421
26991
28248
28559
31308
32022
34257
37656
39411
40029
42215
43587
43824
45212
46324
48825
51409
51424
52436
54101
54118
58899
60774
61102
61422
64170
65727
66555
67231
67592
68357
69274
70045
73575
74301
74983
76030
79882
80304
81785
81955
82682
84141
84531
85578
86937
87425
87467
88952
89619
90076
90776
90954
92157
92731
94021
96001
96515
97730
99041
100058
102377
103921
106065
108311
110637
110841
115094
116470
116562
116606
116734
116895
119983
120223
120856
120966
121031
121259
124266